20 136
1 2
1 4
1 5
1 6
1 7
1 8
1 10
1 11
1 12
1 13
1 14
1 15
1 17
1 18
1 19
1 20
2 3
2 4
2 5
2 6
2 8
2 9
2 10
2 11
2 12
2 13
2 15
2 16
2 18
2 19
3 4
3 5
3 6
3 7
3 8
3 9
3 10
3 11
3 12
3 13
3 15
3 16
3 19
3 20
4 5
4 6
4 7
4 8
4 11
4 12
4 15
4 16
4 18
4 19
4 20
5 6
5 7
5 8
5 10
5 11
5 12
5 13
5 15
5 18
5 19
5 20
6 7
6 8
6 9
6 10
6 11
6 12
6 13
6 17
6 18
6 19
7 9
7 10
7 11
7 12
7 13
7 14
7 15
7 17
7 20
8 9
8 10
8 11
8 12
8 13
8 14
9 10
9 11
9 12
9 14
9 16
9 17
9 19
10 11
10 12
10 13
10 14
10 15
10 16
10 17
10 19
10 20
11 14
11 15
11 16
11 17
11 18
11 19
11 20
12 13
12 15
12 16
12 18
12 19
12 20
13 15
13 16
13 18
13 19
13 20
14 16
14 17
14 18
14 19
15 17
15 19
16 17
16 18
16 19
17 18
17 20
