20 116
1 6
1 8
1 9
1 11
1 12
1 13
1 14
1 15
1 16
1 17
1 18
1 19
1 20
2 4
2 6
2 7
2 8
2 11
2 12
2 13
2 15
2 16
2 18
2 19
2 20
3 4
3 6
3 7
3 8
3 9
3 10
3 12
3 13
3 15
3 16
3 17
3 18
4 5
4 6
4 8
4 11
4 12
4 13
4 14
4 16
4 17
4 20
5 7
5 8
5 9
5 10
5 11
5 12
5 14
5 15
5 16
5 17
5 18
5 19
5 20
6 7
6 8
6 9
6 10
6 13
6 15
6 19
7 8
7 9
7 10
7 11
7 14
7 15
7 16
7 18
7 20
8 9
8 11
8 12
8 14
8 16
8 17
8 18
8 19
8 20
9 11
9 13
9 14
9 18
9 20
10 11
10 12
10 13
10 15
10 16
10 18
10 19
11 12
11 15
11 16
11 18
11 19
11 20
12 13
12 14
12 15
12 19
12 20
13 14
13 15
13 19
14 16
14 17
14 19
15 17
15 19
