100 3262
1 2
1 3
1 4
1 5
1 6
1 8
1 10
1 11
1 13
1 14
1 15
1 16
1 17
1 18
1 19
1 20
1 21
1 22
1 23
1 26
1 27
1 28
1 29
1 30
1 31
1 32
1 33
1 34
1 35
1 36
1 37
1 38
1 40
1 41
1 42
1 43
1 44
1 45
1 46
1 48
1 49
1 50
1 51
1 52
1 53
1 55
1 56
1 57
1 58
1 59
1 60
1 61
1 62
1 63
1 64
1 67
1 68
1 69
1 70
1 71
1 72
1 73
1 74
1 75
1 76
1 77
1 78
1 79
1 80
1 82
1 83
1 84
1 85
1 86
1 87
1 88
1 91
1 93
1 95
1 96
1 97
1 98
1 99
2 3
2 5
2 6
2 7
2 8
2 9
2 10
2 13
2 14
2 15
2 16
2 19
2 20
2 21
2 22
2 24
2 25
2 26
2 27
2 29
2 30
2 31
2 32
2 33
2 35
2 36
2 37
2 38
2 39
2 40
2 41
2 43
2 44
2 45
2 46
2 49
2 50
2 52
2 53
2 54
2 55
2 56
2 58
2 59
2 60
2 61
2 62
2 63
2 64
2 65
2 67
2 68
2 69
2 70
2 72
2 73
2 74
2 75
2 76
2 77
2 78
2 79
2 80
2 81
2 82
2 83
2 85
2 86
2 87
2 88
2 89
2 90
2 91
2 93
2 95
2 96
2 97
2 99
2 100
3 4
3 5
3 8
3 10
3 11
3 12
3 13
3 14
3 15
3 16
3 17
3 18
3 20
3 22
3 23
3 24
3 25
3 26
3 27
3 28
3 29
3 30
3 31
3 32
3 33
3 34
3 35
3 36
3 37
3 38
3 39
3 40
3 41
3 42
3 43
3 45
3 47
3 48
3 49
3 50
3 53
3 54
3 55
3 56
3 57
3 58
3 59
3 60
3 61
3 62
3 63
3 64
3 65
3 67
3 69
3 70
3 71
3 72
3 73
3 75
3 77
3 78
3 80
3 81
3 82
3 83
3 85
3 86
3 87
3 88
3 89
3 90
3 91
3 92
3 93
3 94
3 95
3 96
3 97
3 98
3 99
3 100
4 5
4 8
4 9
4 10
4 11
4 12
4 13
4 14
4 16
4 17
4 18
4 19
4 21
4 22
4 23
4 24
4 25
4 26
4 27
4 28
4 29
4 30
4 31
4 32
4 33
4 34
4 35
4 36
4 37
4 38
4 39
4 41
4 43
4 44
4 45
4 46
4 48
4 49
4 52
4 53
4 54
4 55
4 56
4 57
4 58
4 59
4 60
4 61
4 62
4 63
4 64
4 65
4 67
4 68
4 69
4 70
4 72
4 74
4 75
4 76
4 77
4 78
4 81
4 82
4 83
4 84
4 85
4 87
4 90
4 91
4 92
4 94
4 96
4 97
4 98
4 99
4 100
5 6
5 7
5 8
5 9
5 10
5 11
5 13
5 14
5 15
5 16
5 19
5 20
5 21
5 24
5 26
5 29
5 31
5 33
5 34
5 35
5 36
5 37
5 38
5 39
5 40
5 43
5 44
5 45
5 46
5 47
5 48
5 49
5 50
5 51
5 52
5 54
5 55
5 56
5 57
5 58
5 60
5 61
5 62
5 63
5 64
5 65
5 68
5 69
5 70
5 72
5 74
5 76
5 78
5 79
5 80
5 81
5 82
5 83
5 84
5 85
5 86
5 87
5 88
5 91
5 92
5 93
5 94
5 95
5 96
5 97
5 98
5 100
6 8
6 9
6 10
6 11
6 14
6 16
6 17
6 18
6 20
6 21
6 22
6 23
6 24
6 25
6 27
6 28
6 29
6 32
6 33
6 34
6 35
6 36
6 37
6 38
6 39
6 40
6 41
6 43
6 44
6 45
6 46
6 47
6 48
6 49
6 50
6 51
6 52
6 54
6 55
6 57
6 58
6 59
6 60
6 63
6 65
6 66
6 67
6 69
6 71
6 73
6 76
6 77
6 78
6 79
6 81
6 82
6 84
6 86
6 89
6 90
6 91
6 92
6 93
6 94
6 96
6 97
6 98
6 99
6 100
7 8
7 9
7 10
7 11
7 12
7 13
7 14
7 16
7 17
7 18
7 19
7 20
7 21
7 22
7 24
7 25
7 26
7 27
7 28
7 29
7 30
7 31
7 32
7 33
7 34
7 35
7 36
7 37
7 39
7 40
7 42
7 43
7 45
7 46
7 47
7 48
7 49
7 50
7 51
7 52
7 53
7 54
7 55
7 56
7 61
7 62
7 63
7 64
7 66
7 67
7 69
7 71
7 73
7 74
7 77
7 79
7 80
7 81
7 82
7 83
7 84
7 85
7 87
7 89
7 90
7 91
7 92
7 93
7 94
7 95
7 96
7 100
8 9
8 10
8 11
8 12
8 14
8 15
8 16
8 17
8 18
8 20
8 21
8 22
8 23
8 24
8 25
8 26
8 27
8 28
8 30
8 31
8 33
8 34
8 35
8 36
8 37
8 39
8 40
8 42
8 44
8 45
8 46
8 47
8 48
8 49
8 50
8 51
8 52
8 53
8 55
8 58
8 60
8 61
8 62
8 63
8 64
8 65
8 66
8 67
8 69
8 70
8 71
8 73
8 74
8 75
8 76
8 77
8 78
8 79
8 82
8 83
8 84
8 85
8 86
8 87
8 88
8 89
8 90
8 91
8 92
8 93
8 94
8 95
8 97
8 98
8 99
8 100
9 10
9 11
9 12
9 13
9 14
9 15
9 16
9 18
9 20
9 22
9 23
9 24
9 25
9 26
9 27
9 29
9 30
9 32
9 33
9 34
9 35
9 36
9 37
9 39
9 41
9 42
9 43
9 44
9 45
9 46
9 48
9 49
9 51
9 52
9 53
9 54
9 56
9 58
9 59
9 60
9 61
9 62
9 63
9 64
9 65
9 66
9 67
9 70
9 71
9 72
9 73
9 74
9 75
9 76
9 78
9 79
9 80
9 81
9 82
9 83
9 84
9 85
9 86
9 88
9 89
9 90
9 91
9 92
9 93
9 94
9 95
9 96
9 97
9 98
9 99
9 100
10 11
10 12
10 13
10 14
10 15
10 17
10 18
10 19
10 20
10 21
10 22
10 23
10 24
10 25
10 26
10 27
10 29
10 30
10 33
10 35
10 36
10 37
10 38
10 40
10 41
10 42
10 43
10 44
10 46
10 48
10 49
10 51
10 52
10 53
10 54
10 55
10 56
10 57
10 58
10 59
10 61
10 62
10 63
10 64
10 65
10 67
10 69
10 70
10 71
10 72
10 74
10 75
10 76
10 77
10 80
10 81
10 82
10 83
10 84
10 85
10 87
10 89
10 90
10 91
10 92
10 93
10 95
10 96
10 97
10 98
10 99
11 12
11 13
11 14
11 15
11 16
11 17
11 18
11 19
11 20
11 21
11 22
11 23
11 25
11 27
11 28
11 29
11 30
11 31
11 32
11 35
11 37
11 38
11 39
11 40
11 42
11 43
11 44
11 45
11 46
11 47
11 48
11 52
11 53
11 54
11 55
11 56
11 57
11 58
11 59
11 61
11 62
11 63
11 65
11 66
11 67
11 68
11 70
11 71
11 73
11 74
11 75
11 76
11 77
11 78
11 79
11 81
11 82
11 83
11 85
11 86
11 87
11 88
11 90
11 91
11 92
11 93
11 94
11 96
11 97
11 98
11 99
11 100
12 13
12 14
12 15
12 16
12 17
12 18
12 19
12 20
12 21
12 22
12 23
12 26
12 27
12 29
12 30
12 31
12 32
12 34
12 35
12 36
12 37
12 38
12 39
12 40
12 43
12 44
12 45
12 46
12 48
12 49
12 51
12 52
12 53
12 56
12 57
12 59
12 60
12 61
12 62
12 63
12 64
12 65
12 66
12 67
12 68
12 69
12 70
12 72
12 74
12 75
12 77
12 78
12 79
12 80
12 82
12 83
12 84
12 85
12 86
12 87
12 88
12 89
12 90
12 91
12 92
12 93
12 95
12 96
12 98
12 100
13 15
13 16
13 17
13 18
13 20
13 21
13 22
13 23
13 24
13 25
13 26
13 28
13 30
13 31
13 32
13 33
13 34
13 35
13 36
13 39
13 40
13 41
13 43
13 45
13 46
13 49
13 50
13 52
13 53
13 54
13 55
13 56
13 58
13 59
13 60
13 63
13 65
13 66
13 67
13 68
13 69
13 70
13 71
13 72
13 73
13 76
13 77
13 81
13 85
13 88
13 89
13 90
13 92
13 93
13 95
13 96
13 97
13 98
13 99
14 15
14 16
14 17
14 18
14 19
14 20
14 22
14 23
14 24
14 26
14 27
14 28
14 29
14 31
14 32
14 35
14 36
14 37
14 40
14 41
14 42
14 44
14 45
14 46
14 47
14 50
14 52
14 54
14 55
14 56
14 57
14 58
14 60
14 61
14 62
14 63
14 64
14 65
14 66
14 67
14 70
14 71
14 73
14 74
14 75
14 76
14 77
14 79
14 80
14 81
14 82
14 83
14 84
14 85
14 86
14 88
14 90
14 91
14 92
14 93
14 97
14 99
14 100
15 16
15 17
15 18
15 20
15 22
15 23
15 24
15 25
15 26
15 27
15 29
15 30
15 31
15 33
15 36
15 37
15 38
15 39
15 41
15 42
15 43
15 44
15 45
15 46
15 49
15 50
15 53
15 54
15 55
15 56
15 57
15 58
15 59
15 60
15 61
15 62
15 63
15 64
15 65
15 67
15 68
15 69
15 70
15 71
15 72
15 73
15 78
15 79
15 80
15 81
15 82
15 83
15 84
15 85
15 87
15 88
15 89
15 91
15 92
15 93
15 95
15 98
15 99
15 100
16 17
16 19
16 21
16 22
16 23
16 24
16 25
16 26
16 28
16 30
16 31
16 32
16 34
16 35
16 36
16 37
16 39
16 40
16 41
16 42
16 43
16 44
16 45
16 47
16 48
16 50
16 51
16 52
16 53
16 54
16 55
16 56
16 58
16 59
16 61
16 62
16 64
16 65
16 67
16 68
16 69
16 74
16 75
16 76
16 77
16 78
16 79
16 80
16 81
16 83
16 84
16 86
16 87
16 89
16 90
16 92
16 93
16 94
16 95
16 96
16 99
17 18
17 19
17 21
17 22
17 23
17 24
17 29
17 32
17 33
17 35
17 36
17 37
17 38
17 39
17 40
17 41
17 42
17 43
17 44
17 45
17 46
17 47
17 48
17 49
17 50
17 51
17 52
17 53
17 54
17 55
17 56
17 57
17 58
17 60
17 61
17 62
17 63
17 64
17 65
17 66
17 67
17 68
17 69
17 70
17 71
17 73
17 74
17 75
17 76
17 77
17 79
17 81
17 83
17 85
17 86
17 87
17 88
17 89
17 90
17 92
17 93
17 94
17 97
17 98
17 99
17 100
18 19
18 21
18 23
18 24
18 26
18 27
18 31
18 32
18 33
18 36
18 39
18 40
18 41
18 42
18 47
18 48
18 49
18 50
18 52
18 53
18 54
18 55
18 56
18 57
18 59
18 60
18 61
18 62
18 64
18 65
18 66
18 67
18 68
18 69
18 70
18 71
18 72
18 73
18 75
18 76
18 77
18 78
18 79
18 80
18 83
18 84
18 85
18 86
18 94
18 95
18 96
18 97
18 98
18 99
18 100
19 20
19 21
19 22
19 23
19 26
19 27
19 28
19 31
19 32
19 33
19 34
19 35
19 36
19 37
19 38
19 39
19 40
19 41
19 42
19 44
19 46
19 47
19 48
19 49
19 50
19 52
19 54
19 55
19 56
19 58
19 60
19 62
19 64
19 65
19 66
19 67
19 68
19 69
19 70
19 71
19 72
19 73
19 75
19 76
19 77
19 78
19 79
19 80
19 82
19 83
19 84
19 85
19 86
19 87
19 88
19 89
19 90
19 91
19 92
19 93
19 94
19 96
19 97
19 98
19 99
19 100
20 22
20 23
20 25
20 26
20 27
20 28
20 29
20 33
20 34
20 35
20 36
20 37
20 38
20 39
20 40
20 43
20 44
20 45
20 46
20 48
20 49
20 50
20 51
20 53
20 54
20 55
20 56
20 57
20 58
20 59
20 60
20 61
20 62
20 63
20 64
20 65
20 66
20 67
20 68
20 70
20 71
20 72
20 73
20 75
20 76
20 77
20 78
20 79
20 80
20 81
20 82
20 84
20 85
20 86
20 87
20 88
20 90
20 91
20 94
20 95
20 96
20 97
20 99
21 23
21 24
21 25
21 26
21 27
21 29
21 32
21 33
21 34
21 35
21 36
21 37
21 39
21 40
21 41
21 42
21 43
21 44
21 45
21 46
21 47
21 48
21 50
21 51
21 53
21 54
21 55
21 56
21 57
21 58
21 59
21 60
21 61
21 62
21 63
21 65
21 67
21 68
21 69
21 70
21 72
21 74
21 75
21 76
21 78
21 79
21 80
21 81
21 82
21 83
21 84
21 86
21 87
21 88
21 89
21 90
21 92
21 93
21 97
21 98
21 99
21 100
22 24
22 25
22 26
22 27
22 28
22 30
22 31
22 32
22 33
22 34
22 35
22 37
22 38
22 39
22 40
22 41
22 42
22 43
22 44
22 46
22 47
22 48
22 52
22 53
22 54
22 57
22 58
22 59
22 62
22 63
22 64
22 65
22 68
22 69
22 70
22 72
22 74
22 77
22 78
22 80
22 81
22 82
22 86
22 87
22 88
22 89
22 90
22 91
22 92
22 94
22 95
22 96
22 98
22 100
23 24
23 27
23 28
23 30
23 31
23 33
23 35
23 36
23 37
23 38
23 40
23 41
23 42
23 45
23 46
23 47
23 48
23 49
23 50
23 51
23 52
23 53
23 55
23 56
23 57
23 59
23 61
23 62
23 64
23 65
23 67
23 68
23 71
23 72
23 73
23 74
23 75
23 77
23 78
23 80
23 81
23 84
23 85
23 86
23 87
23 88
23 90
23 91
23 93
23 95
23 96
23 97
23 98
23 99
23 100
24 27
24 28
24 30
24 31
24 32
24 33
24 34
24 35
24 36
24 37
24 39
24 40
24 41
24 42
24 43
24 45
24 46
24 47
24 48
24 49
24 50
24 52
24 53
24 54
24 56
24 58
24 59
24 63
24 64
24 65
24 66
24 69
24 71
24 73
24 75
24 76
24 78
24 80
24 82
24 83
24 84
24 86
24 87
24 88
24 90
24 91
24 92
24 93
24 94
24 96
24 97
24 98
24 100
25 26
25 27
25 28
25 29
25 30
25 31
25 32
25 33
25 34
25 35
25 37
25 39
25 40
25 41
25 43
25 44
25 45
25 46
25 47
25 48
25 50
25 52
25 53
25 56
25 57
25 59
25 60
25 61
25 63
25 66
25 67
25 68
25 69
25 70
25 71
25 72
25 74
25 75
25 76
25 77
25 78
25 79
25 80
25 82
25 84
25 87
25 88
25 89
25 91
25 92
25 93
25 95
25 96
25 97
25 99
26 27
26 29
26 30
26 31
26 33
26 38
26 40
26 41
26 42
26 44
26 45
26 47
26 48
26 50
26 51
26 53
26 54
26 57
26 58
26 59
26 61
26 62
26 63
26 66
26 67
26 68
26 69
26 70
26 73
26 74
26 75
26 76
26 77
26 79
26 80
26 82
26 83
26 84
26 88
26 89
26 90
26 91
26 92
26 93
26 94
26 96
26 97
26 98
27 30
27 31
27 32
27 33
27 34
27 35
27 37
27 38
27 39
27 41
27 42
27 43
27 45
27 46
27 49
27 53
27 54
27 55
27 57
27 58
27 59
27 61
27 62
27 63
27 65
27 66
27 67
27 68
27 69
27 70
27 71
27 72
27 73
27 74
27 76
27 77
27 78
27 79
27 80
27 81
27 82
27 83
27 84
27 85
27 86
27 91
27 92
27 93
27 95
27 96
27 97
27 98
27 99
28 29
28 31
28 35
28 36
28 37
28 38
28 41
28 43
28 44
28 47
28 48
28 49
28 50
28 51
28 52
28 53
28 54
28 55
28 56
28 57
28 58
28 59
28 60
28 61
28 62
28 64
28 67
28 68
28 69
28 70
28 71
28 72
28 73
28 75
28 76
28 77
28 79
28 80
28 83
28 84
28 85
28 86
28 87
28 88
28 91
28 92
28 94
28 95
28 96
28 97
28 99
28 100
29 30
29 32
29 33
29 34
29 36
29 39
29 40
29 41
29 43
29 44
29 45
29 46
29 47
29 49
29 50
29 52
29 54
29 55
29 56
29 58
29 60
29 61
29 62
29 63
29 65
29 66
29 67
29 68
29 70
29 72
29 73
29 76
29 77
29 79
29 80
29 82
29 83
29 85
29 86
29 87
29 88
29 89
29 90
29 92
29 94
29 95
29 97
29 98
29 99
30 31
30 32
30 34
30 36
30 37
30 38
30 39
30 41
30 42
30 43
30 44
30 45
30 46
30 47
30 48
30 49
30 51
30 53
30 55
30 56
30 57
30 58
30 59
30 60
30 61
30 64
30 65
30 66
30 67
30 69
30 70
30 71
30 72
30 73
30 74
30 75
30 78
30 80
30 81
30 82
30 83
30 85
30 88
30 90
30 91
30 92
30 93
30 95
30 98
30 100
31 32
31 33
31 34
31 35
31 38
31 39
31 40
31 41
31 42
31 44
31 45
31 46
31 49
31 52
31 53
31 54
31 55
31 56
31 57
31 58
31 60
31 61
31 63
31 64
31 65
31 66
31 67
31 69
31 70
31 71
31 72
31 73
31 74
31 76
31 77
31 78
31 79
31 80
31 81
31 82
31 83
31 85
31 86
31 87
31 88
31 89
31 90
31 91
31 92
31 93
31 94
31 95
31 99
32 33
32 34
32 35
32 36
32 38
32 39
32 41
32 44
32 45
32 46
32 48
32 50
32 51
32 52
32 53
32 54
32 55
32 56
32 57
32 59
32 60
32 61
32 62
32 63
32 64
32 68
32 70
32 71
32 72
32 73
32 74
32 76
32 77
32 78
32 80
32 81
32 85
32 86
32 87
32 88
32 89
32 90
32 91
32 92
32 93
32 94
32 96
32 97
32 98
32 99
32 100
33 34
33 35
33 38
33 40
33 41
33 42
33 43
33 44
33 46
33 49
33 50
33 51
33 55
33 56
33 57
33 58
33 60
33 63
33 64
33 65
33 67
33 69
33 70
33 71
33 72
33 74
33 75
33 77
33 78
33 80
33 81
33 82
33 85
33 87
33 89
33 90
33 91
33 92
33 93
33 94
33 95
33 99
34 36
34 40
34 41
34 43
34 45
34 46
34 47
34 49
34 50
34 51
34 52
34 54
34 55
34 56
34 58
34 59
34 60
34 61
34 62
34 63
34 65
34 66
34 67
34 68
34 69
34 70
34 71
34 72
34 73
34 75
34 76
34 77
34 78
34 79
34 81
34 82
34 83
34 84
34 85
34 86
34 87
34 88
34 90
34 93
34 94
34 95
34 96
34 97
34 98
34 99
35 36
35 38
35 39
35 40
35 41
35 42
35 43
35 44
35 45
35 46
35 47
35 48
35 49
35 50
35 51
35 52
35 54
35 55
35 56
35 57
35 58
35 61
35 62
35 65
35 66
35 67
35 68
35 69
35 70
35 71
35 72
35 74
35 75
35 76
35 78
35 79
35 80
35 81
35 82
35 84
35 86
35 87
35 90
35 91
35 92
35 93
35 94
35 95
35 97
35 98
35 99
35 100
36 37
36 38
36 39
36 41
36 42
36 44
36 46
36 48
36 50
36 51
36 52
36 53
36 54
36 55
36 58
36 60
36 61
36 62
36 63
36 65
36 66
36 67
36 68
36 69
36 71
36 72
36 73
36 74
36 75
36 76
36 77
36 79
36 82
36 83
36 85
36 86
36 88
36 89
36 90
36 91
36 92
36 93
36 97
36 98
36 99
37 38
37 39
37 40
37 41
37 45
37 46
37 48
37 49
37 51
37 52
37 54
37 59
37 60
37 61
37 63
37 66
37 67
37 68
37 69
37 70
37 71
37 76
37 79
37 80
37 81
37 82
37 83
37 84
37 85
37 87
37 90
37 91
37 93
37 94
37 95
37 96
37 99
38 39
38 40
38 41
38 42
38 43
38 45
38 46
38 47
38 48
38 51
38 54
38 57
38 58
38 59
38 60
38 62
38 63
38 64
38 66
38 69
38 71
38 72
38 73
38 75
38 76
38 77
38 78
38 79
38 81
38 83
38 86
38 87
38 88
38 89
38 90
38 91
38 92
38 93
38 95
38 96
38 97
38 98
38 99
38 100
39 40
39 43
39 44
39 47
39 48
39 50
39 53
39 54
39 56
39 58
39 60
39 61
39 62
39 63
39 64
39 66
39 67
39 68
39 70
39 72
39 73
39 74
39 75
39 76
39 81
39 83
39 84
39 85
39 86
39 87
39 88
39 90
39 91
39 92
39 94
39 96
39 97
39 98
39 100
40 41
40 43
40 44
40 46
40 47
40 48
40 49
40 50
40 51
40 53
40 54
40 55
40 56
40 58
40 59
40 60
40 61
40 62
40 63
40 65
40 66
40 68
40 69
40 70
40 73
40 74
40 75
40 76
40 77
40 79
40 80
40 81
40 82
40 84
40 85
40 86
40 88
40 92
40 94
40 95
40 96
40 97
40 100
41 42
41 44
41 45
41 46
41 48
41 52
41 53
41 55
41 56
41 57
41 59
41 60
41 61
41 62
41 64
41 65
41 66
41 67
41 70
41 71
41 73
41 74
41 75
41 77
41 78
41 80
41 81
41 82
41 84
41 85
41 86
41 87
41 88
41 89
41 91
41 92
41 93
41 94
41 95
41 96
41 97
41 99
41 100
42 45
42 48
42 49
42 50
42 52
42 53
42 54
42 55
42 57
42 58
42 59
42 60
42 62
42 63
42 64
42 65
42 66
42 68
42 69
42 70
42 71
42 72
42 73
42 74
42 75
42 76
42 78
42 79
42 80
42 83
42 84
42 85
42 86
42 87
42 88
42 92
42 93
42 94
42 95
42 96
43 44
43 45
43 46
43 48
43 49
43 50
43 52
43 55
43 56
43 57
43 60
43 61
43 64
43 67
43 68
43 69
43 70
43 73
43 74
43 76
43 78
43 79
43 80
43 87
43 89
43 90
43 91
43 92
43 93
43 95
43 96
43 97
43 99
43 100
44 45
44 46
44 49
44 50
44 51
44 52
44 54
44 55
44 57
44 59
44 60
44 62
44 64
44 65
44 66
44 69
44 73
44 76
44 78
44 79
44 80
44 81
44 82
44 84
44 86
44 89
44 90
44 91
44 93
44 94
44 95
44 97
44 98
44 99
45 46
45 47
45 49
45 50
45 51
45 52
45 54
45 55
45 56
45 57
45 62
45 63
45 64
45 65
45 67
45 69
45 70
45 74
45 75
45 76
45 77
45 78
45 79
45 81
45 83
45 84
45 86
45 92
45 94
45 97
45 98
45 99
45 100
46 47
46 50
46 52
46 53
46 54
46 56
46 59
46 60
46 62
46 64
46 66
46 68
46 70
46 73
46 74
46 76
46 77
46 78
46 79
46 80
46 81
46 87
46 89
46 90
46 91
46 94
46 95
46 96
46 97
46 98
46 100
47 49
47 51
47 53
47 54
47 56
47 58
47 61
47 62
47 63
47 68
47 76
47 77
47 78
47 80
47 81
47 82
47 83
47 88
47 90
47 91
47 94
47 95
47 97
47 98
47 100
48 51
48 53
48 55
48 56
48 59
48 60
48 62
48 64
48 66
48 67
48 68
48 69
48 71
48 72
48 73
48 74
48 76
48 77
48 78
48 81
48 84
48 89
48 90
48 91
48 93
48 94
48 95
48 96
48 97
48 98
48 100
49 51
49 52
49 54
49 55
49 57
49 58
49 59
49 60
49 61
49 62
49 64
49 65
49 66
49 67
49 69
49 70
49 71
49 72
49 73
49 76
49 79
49 81
49 84
49 85
49 86
49 87
49 88
49 89
49 91
49 92
49 95
49 96
49 97
49 98
49 99
49 100
50 52
50 53
50 54
50 57
50 58
50 59
50 60
50 62
50 63
50 64
50 67
50 69
50 70
50 71
50 73
50 76
50 78
50 79
50 80
50 81
50 84
50 88
50 90
50 92
50 94
50 95
50 96
50 97
50 98
50 99
51 52
51 53
51 54
51 56
51 57
51 58
51 59
51 61
51 62
51 63
51 64
51 65
51 66
51 69
51 71
51 72
51 74
51 76
51 77
51 80
51 81
51 82
51 84
51 86
51 87
51 88
51 89
51 90
51 91
51 92
51 94
51 95
51 97
51 98
51 99
52 56
52 57
52 58
52 59
52 60
52 61
52 63
52 64
52 65
52 66
52 67
52 70
52 71
52 73
52 75
52 76
52 77
52 78
52 80
52 81
52 85
52 86
52 87
52 88
52 89
52 94
52 98
52 99
53 54
53 56
53 59
53 60
53 61
53 64
53 68
53 70
53 72
53 73
53 74
53 79
53 83
53 84
53 85
53 86
53 90
53 92
53 93
53 95
53 96
53 97
53 99
54 58
54 59
54 61
54 62
54 63
54 64
54 65
54 66
54 68
54 70
54 71
54 72
54 73
54 75
54 76
54 78
54 80
54 81
54 84
54 86
54 88
54 90
54 92
54 94
54 95
54 97
54 98
54 99
55 56
55 57
55 58
55 59
55 64
55 65
55 66
55 67
55 68
55 69
55 72
55 74
55 75
55 76
55 77
55 80
55 81
55 82
55 84
55 87
55 89
55 91
55 94
55 95
55 96
55 97
55 98
55 99
55 100
56 59
56 60
56 63
56 64
56 65
56 67
56 69
56 71
56 72
56 74
56 75
56 76
56 77
56 78
56 80
56 81
56 82
56 83
56 85
56 86
56 87
56 91
56 95
56 96
56 100
57 58
57 59
57 61
57 62
57 64
57 65
57 67
57 69
57 70
57 73
57 75
57 79
57 82
57 83
57 85
57 86
57 92
57 93
57 94
57 95
57 97
57 98
57 99
57 100
58 59
58 60
58 61
58 66
58 69
58 73
58 75
58 81
58 82
58 85
58 86
58 88
58 89
58 92
58 93
58 94
58 95
58 96
58 97
58 98
58 100
59 65
59 67
59 68
59 69
59 70
59 73
59 75
59 77
59 78
59 79
59 80
59 82
59 84
59 86
59 87
59 89
59 91
59 92
59 93
59 94
59 95
59 97
59 98
59 100
60 61
60 62
60 63
60 64
60 67
60 69
60 70
60 71
60 75
60 76
60 77
60 78
60 79
60 81
60 82
60 83
60 84
60 86
60 90
60 94
60 95
60 96
60 99
61 65
61 69
61 70
61 72
61 73
61 74
61 76
61 81
61 84
61 85
61 86
61 87
61 89
61 96
61 97
61 98
62 64
62 66
62 68
62 69
62 70
62 71
62 74
62 75
62 76
62 77
62 78
62 81
62 82
62 91
62 95
62 96
62 99
62 100
63 65
63 66
63 69
63 71
63 74
63 76
63 77
63 78
63 84
63 87
63 89
63 94
63 97
63 98
63 100
64 67
64 68
64 69
64 74
64 76
64 78
64 79
64 82
64 83
64 87
64 89
64 90
64 91
64 92
64 94
64 97
64 98
64 100
65 73
65 75
65 76
65 77
65 78
65 82
65 84
65 85
65 86
65 87
65 88
65 89
65 93
65 95
65 96
65 97
65 98
65 99
65 100
66 68
66 69
66 71
66 74
66 76
66 79
66 80
66 82
66 83
66 84
66 93
66 94
66 96
66 97
66 98
66 99
67 68
67 69
67 70
67 73
67 74
67 76
67 77
67 78
67 82
67 84
67 86
67 88
67 89
67 94
67 95
67 99
68 71
68 72
68 74
68 75
68 78
68 79
68 81
68 82
68 83
68 86
68 88
68 93
68 94
68 96
68 99
69 73
69 75
69 76
69 77
69 79
69 85
69 88
69 92
69 93
69 94
69 95
69 96
69 100
70 76
70 80
70 82
70 84
70 88
70 89
70 90
70 91
70 92
70 99
70 100
71 73
71 76
71 77
71 80
71 82
71 83
71 85
71 87
71 88
71 90
71 91
71 93
71 97
71 98
71 99
71 100
72 77
72 78
72 83
72 88
72 90
72 96
72 97
72 98
73 77
73 78
73 80
73 81
73 82
73 85
73 86
73 88
73 90
73 92
73 93
73 94
73 99
74 79
74 80
74 87
74 91
74 95
74 98
75 76
75 78
75 80
75 82
75 85
75 86
75 88
75 89
75 94
75 95
76 77
76 79
76 82
76 83
76 87
76 89
76 92
76 99
77 81
77 87
77 91
77 93
77 96
77 100
78 80
78 82
78 84
78 86
78 87
78 88
78 94
78 95
79 80
79 85
79 87
79 89
79 95
79 96
79 97
80 84
80 85
80 86
80 92
80 94
80 95
80 96
80 100
81 87
81 88
81 89
81 97
82 85
82 86
82 87
82 88
82 89
82 90
82 97
83 84
83 85
83 88
83 90
83 99
84 87
84 88
84 92
84 94
85 88
85 89
85 91
85 93
85 95
85 99
86 88
87 92
88 90
88 95
88 100
89 96
89 99
90 97
91 96
