20 111
1 3
1 4
1 5
1 6
1 10
1 12
1 13
1 16
1 17
1 18
1 19
1 20
2 3
2 5
2 6
2 8
2 10
2 11
2 12
2 13
2 15
2 16
2 19
2 20
3 4
3 5
3 6
3 7
3 11
3 12
3 13
3 16
3 17
3 19
4 5
4 7
4 9
4 11
4 12
4 13
4 14
4 15
4 17
4 18
4 19
4 20
5 10
5 11
5 12
5 13
5 17
5 20
6 7
6 8
6 9
6 10
6 12
6 13
6 14
6 16
6 18
6 19
6 20
7 9
7 10
7 12
7 13
7 14
7 15
7 17
7 18
8 9
8 10
8 11
8 13
8 14
8 15
8 19
8 20
9 10
9 11
9 12
9 13
9 14
9 16
9 18
9 19
9 20
10 11
10 12
10 16
10 17
10 18
11 15
11 19
11 20
12 14
12 16
12 18
12 19
12 20
13 15
13 17
13 19
14 15
14 16
14 17
15 16
15 19
16 18
16 20
